[2026-03-28 16:00] チェック完了
  [OK] イベント数: 一致（公式239件 = events.json 239件）
  [WARNING] 結果データなし: 4件
    5749036 (2026-03-22 トーナメントセンターバトロコ水戸駅前)
    5755264 (2026-03-22 CardFox京都河原町)
    5765053 (2026-03-22 カードゲームのシーガル仙台駅前店)
    5772619 (2026-03-15 トレーディングカードゲームショップ193名駅太閤店)
  [WARNING] デッキデータなし: 2件
    5834475 (2026-03-17 カードラボ広島店) rank:1 つぐと
    5906777 (2026-03-16 TSUTAYA Trading Card 北千住店) rank:1 ざみ
  [OK] カード枚数異常: 0件
  [OK] 総イベント数: 一致（239件）
  [OK] 総デッキ数: 一致（938件）
  [WARNING] 結果更新可能: 1件に更新あり
    対象: 5772619
    再取得するには: node data-quality-check.js --refetch

[2026-03-28 16:01] チェック完了
  [OK] イベント数: 一致（公式239件 = events.json 239件）
  [WARNING] 結果データなし: 4件
    5749036 (2026-03-22 トーナメントセンターバトロコ水戸駅前)
    5755264 (2026-03-22 CardFox京都河原町)
    5765053 (2026-03-22 カードゲームのシーガル仙台駅前店)
    5772619 (2026-03-15 トレーディングカードゲームショップ193名駅太閤店)
  [WARNING] デッキデータなし: 2件
    5834475 (2026-03-17 カードラボ広島店) rank:1 つぐと
    5906777 (2026-03-16 TSUTAYA Trading Card 北千住店) rank:1 ざみ
  [OK] カード枚数異常: 0件
  [OK] 総イベント数: 一致（239件）
  [OK] 総デッキ数: 一致（938件）
  [OK] 結果更新: 1件再取得 (5772619)

[2026-06-01 01:11] チェック完了
  [WARNING] イベント数: 不一致（公式227件 ≠ events.json 525件、差分: 298件）
    公式に存在しない: 5724159, 5724544, 5724545, 5724916, 5724917, 5725319, 5725320, 5731001, 5731002, 5731041, 5731042, 5731533, 5733704, 5733705, 5734015, 5734016, 5740705, 5740706, 5741130, 5741131, 5742363, 5742364, 5742662, 5742767, 5742875, 5742876, 5743865, 5743866, 5748827, 5748828, 5749036, 5749037, 5750200, 5750201, 5755263, 5755264, 5755345, 5755346, 5755450, 5755830, 5755831, 5761071, 5761472, 5761473, 5765052, 5765053, 5765866, 5765867, 5766188, 5766189, 5772619, 5772620, 5772677, 5772760, 5772761, 5772920, 5772921, 5773561, 5773562, 5773754, 5779138, 5779139, 5779188, 5779189, 5780736, 5780737, 5784428, 5785450, 5785451, 5792152, 5792153, 5795736, 5795737, 5800134, 5800135, 5801312, 5801313, 5802039, 5802040, 5802286, 5802287, 5807267, 5807268, 5807309, 5807317, 5807430, 5807431, 5807691, 5807692, 5808174, 5809555, 5809556, 5813561, 5813562, 5814196, 5814197, 5814840, 5814841, 5815099, 5815100, 5818985, 5818986, 5820194, 5820195, 5823331, 5824560, 5824561, 5827741, 5827742, 5827832, 5828368, 5828369, 5828897, 5829005, 5829131, 5829184, 5829185, 5829324, 5829325, 5831692, 5831932, 5832266, 5832267, 5832344, 5832345, 5832692, 5832693, 5833053, 5833054, 5833234, 5834272, 5834474, 5834475, 5835218, 5835219, 5839053, 5839054, 5839716, 5839717, 5840075, 5840076, 5840356, 5841329, 5841330, 5841629, 5846238, 5846242, 5847487, 5847488, 5847493, 5848321, 5848322, 5848323, 5854263, 5854509, 5854999, 5855000, 5855512, 5855513, 5860324, 5860325, 5860543, 5860544, 5864391, 5864392, 5866008, 5866009, 5868345, 5868346, 5868402, 5868403, 5869594, 5869595, 5870537, 5870538, 5872689, 5872690, 5872895, 5872896, 5872957, 5872958, 5873019, 5873020, 5873862, 5873863, 5874201, 5874202, 5874867, 5874868, 5874876, 5874877, 5875038, 5875212, 5875355, 5875356, 5875926, 5875927, 5881926, 5881927, 5882040, 5882408, 5882409, 5882639, 5882640, 5882940, 5882941, 5883027, 5883290, 5883291, 5887280, 5887281, 5887284, 5887472, 5887473, 5887691, 5887692, 5887854, 5887855, 5888183, 5888184, 5888653, 5888778, 5889781, 5889974, 5889975, 5890944, 5893922, 5893923, 5895369, 5895370, 5898034, 5898035, 5898423, 5898424, 5899126, 5899832, 5899833, 5904788, 5904789, 5905191, 5905192, 5905852, 5905853, 5906297, 5906298, 5906329, 5906330, 5906601, 5906776, 5906777, 5907400, 5907685, 5907816, 5907922, 5907923, 5908513, 5908661, 5908808, 5908809, 5909320, 5910025, 5912651, 5912652, 5913657, 5913735, 5914023, 5914024, 5914422, 5914423, 5915159, 5915160, 5915919, 5915920, 5916034, 5916035, 5916127, 5916128, 5916256, 5916257, 5916611, 5916612, 5916649, 5916650, 5917523, 5917992, 5917993, 5918091, 5918092, 5918145, 5918146, 5918155, 5918156, 5918281, 5918282, 5918594, 5918595, 5918813, 5919206
  [WARNING] 結果データなし: 2件
    6410939 (2026-05-24 Cards of Paradise 桜木店)
    6494215 (2026-05-19 トーナメントセンターバトロコ柏駅前)
  [WARNING] デッキデータなし: 2件
    5834475 (2026-03-17 カードラボ広島店) rank:1 つぐと
    5906777 (2026-03-16 TSUTAYA Trading Card 北千住店) rank:1 ざみ
  [OK] カード枚数異常: 0件
  [OK] 総イベント数: 一致（525件）
  [WARNING] 総デッキ数: 不一致（summary.json=3181 ≠ 計算値=2091）
  [OK] 結果更新確認: 4件チェック済み、更新なし

[2026-06-08 01:20] チェック完了
  [WARNING] イベント数: 不一致（公式258件 ≠ events.json 525件、差分: 267件）
    未取得: 6529846, 6517490, 6516733, 6516269, 6503635, 6412504, 6362465, 6349340, 6318268, 6315726, 6535078, 6517221, 6508728, 6503897, 6494540, 6492350, 6434597, 6424210, 6422910, 6412194, 6391581, 6553433, 6493163, 6487521, 6510263, 6332563, 6410899, 6504756, 6493310, 6456192, 6401236
    公式に存在しない: 5724159, 5724544, 5724545, 5724916, 5724917, 5725319, 5725320, 5731001, 5731002, 5731041, 5731042, 5731533, 5733704, 5733705, 5734015, 5734016, 5740705, 5740706, 5741130, 5741131, 5742363, 5742364, 5742662, 5742767, 5742875, 5742876, 5743865, 5743866, 5748827, 5748828, 5749036, 5749037, 5750200, 5750201, 5755263, 5755264, 5755345, 5755346, 5755450, 5755830, 5755831, 5761071, 5761472, 5761473, 5765052, 5765053, 5765866, 5765867, 5766188, 5766189, 5772619, 5772620, 5772677, 5772760, 5772761, 5772920, 5772921, 5773561, 5773562, 5773754, 5779138, 5779139, 5779188, 5779189, 5780736, 5780737, 5784428, 5785450, 5785451, 5792152, 5792153, 5795736, 5795737, 5800134, 5800135, 5801312, 5801313, 5802039, 5802040, 5802286, 5802287, 5807267, 5807268, 5807309, 5807317, 5807430, 5807431, 5807691, 5807692, 5808174, 5809555, 5809556, 5813561, 5813562, 5814196, 5814197, 5814840, 5814841, 5815099, 5815100, 5818985, 5818986, 5820194, 5820195, 5823331, 5824560, 5824561, 5827741, 5827742, 5827832, 5828368, 5828369, 5828897, 5829005, 5829131, 5829184, 5829185, 5829324, 5829325, 5831692, 5831932, 5832266, 5832267, 5832344, 5832345, 5832692, 5832693, 5833053, 5833054, 5833234, 5834272, 5834474, 5834475, 5835218, 5835219, 5839053, 5839054, 5839716, 5839717, 5840075, 5840076, 5840356, 5841329, 5841330, 5841629, 5846238, 5846242, 5847487, 5847488, 5847493, 5848321, 5848322, 5848323, 5854263, 5854509, 5854999, 5855000, 5855512, 5855513, 5860324, 5860325, 5860543, 5860544, 5864391, 5864392, 5866008, 5866009, 5868345, 5868346, 5868402, 5868403, 5869594, 5869595, 5870537, 5870538, 5872689, 5872690, 5872895, 5872896, 5872957, 5872958, 5873019, 5873020, 5873862, 5873863, 5874201, 5874202, 5874867, 5874868, 5874876, 5874877, 5875038, 5875212, 5875355, 5875356, 5875926, 5875927, 5881926, 5881927, 5882040, 5882408, 5882409, 5882639, 5882640, 5882940, 5882941, 5883027, 5883290, 5883291, 5887280, 5887281, 5887284, 5887472, 5887473, 5887691, 5887692, 5887854, 5887855, 5888183, 5888184, 5888653, 5888778, 5889781, 5889974, 5889975, 5890944, 5893922, 5893923, 5895369, 5895370, 5898034, 5898035, 5898423, 5898424, 5899126, 5899832, 5899833, 5904788, 5904789, 5905191, 5905192, 5905852, 5905853, 5906297, 5906298, 5906329, 5906330, 5906601, 5906776, 5906777, 5907400, 5907685, 5907816, 5907922, 5907923, 5908513, 5908661, 5908808, 5908809, 5909320, 5910025, 5912651, 5912652, 5913657, 5913735, 5914023, 5914024, 5914422, 5914423, 5915159, 5915160, 5915919, 5915920, 5916034, 5916035, 5916127, 5916128, 5916256, 5916257, 5916611, 5916612, 5916649, 5916650, 5917523, 5917992, 5917993, 5918091, 5918092, 5918145, 5918146, 5918155, 5918156, 5918281, 5918282, 5918594, 5918595, 5918813, 5919206
  [OK] 結果データなし: 0件
  [WARNING] デッキデータなし: 2件
    5834475 (2026-03-17 カードラボ広島店) rank:1 つぐと
    5906777 (2026-03-16 TSUTAYA Trading Card 北千住店) rank:1 ざみ
  [OK] カード枚数異常: 0件
  [OK] 総イベント数: 一致（525件）
  [WARNING] 総デッキ数: 不一致（summary.json=3201 ≠ 計算値=2099）
  [OK] 結果更新確認: 2件チェック済み、更新なし

